iteration_index j_array
0 [2.153938595086602, 1.9915279588200896, 1.6693967247481183, 1.646906045305711, 1.7128668426199272, 1.709602582168761, 1.7241229913991956]
1 [2.6692738388541204, 1.9531023718673008, 1.6693730060731746, 1.6576161268991572, 1.71217393525067, 1.7100199766833981, 1.7197939475783044]
2 [2.954653268048573, 1.8781407228945504, 1.5392979333582926, 1.6216799190274365, 1.669338386760791, 1.716083546133831, 1.7255002020348535, 1.7317657066064875]
3 [3.0020839794777188, 1.8608659069364688, 1.632886856218199, 1.6668120331927851, 1.7007248957774446, 1.7056453545246886, 1.7090614184078292, 1.7077644353239048, 1.7061974684565802, 1.7039638691502088, 1.7013628957803353, 1.698098681766887, 1.694052499091196, 1.6887910584524644, 1.6817241017178968, 1.6717479645451654, 1.6567869012818357, 1.632204683044749, 1.5900242454872495, 1.5127412948868117, 1.426609470753506, 1.3478646991343592, 1.2641146402378465, 1.2485029207012743, 1.2445592255288882, 1.4182188314597115, 1.6189609103707936, 1.8377300539276975, 1.5939347615726176, 1.5728405075985046, 1.2702483268397855, 1.3336278430525663, 1.2273172984744407, 1.3040581543921268, 1.195301804576221, 1.2468450269054256, 1.1071432790757365, 1.109988370122823, 0.9772291345439132, 0.9408802359093494, 0.8492697473826788, 0.8038822604153669, 0.7514728852747166, 0.7162071125545043, 0.6866166019135999, 0.6628603465428627, 0.6440333409846138, 0.6273104741130064, 0.6133608387876797, 0.6002912139715556, 0.5887527112675417, 0.5776631426111208, 0.5675429140672196, 0.557705946233031, 0.5486344733753645, 0.5397839522800577, 0.5317342159578712, 0.5239050667427155, 0.517238494616256, 0.5108766192935668, 0.5068692400329073, 0.5034093525591927, 0.5062161470857318, 0.509761241243164, 0.5331887631127125, 0.5542000640857078, 0.6442589919500337, 0.723759944249333, 1.1010514790391972, 2.004926071434854, 3.2691625318359945, 1.685980300278899, 0.6416668454045484, 0.5549440386048554, 0.5274812285166398, 0.5113947591513873, 0.4992373396217105, 0.48973851356580766, 0.4820456634425491, 0.4755134816711935, 0.4696971253913112, 0.464320145674087, 0.4592250877659857, 0.45432811656905947, 0.44958681240308473, 0.4449804779408929, 0.44049914594601186, 0.43613781174320365, 0.4318935374477135, 0.42776405185366173, 0.42374710362133927, 0.4198401880500222, 0.4160404587959787, 0.4123447317918998, 0.4087495350285359, 0.40525118001237237, 0.4018458413504384, 0.3985296362963913, 0.3952986990761576, 0.39214924670169327, 0.389077634311525, 0.3860803990856504, 0.3831542925605975, 0.38029630177062784, 0.37750366008930014, 0.37477384896485083, 0.3721045919488527, 0.3694938425239528, 0.36693976725536315, 0.36444072573328723, 0.36199524865367255, 0.3596020152164718, 0.35725983082160495, 0.3549676058287819, 0.3527243359354382, 0.3505290845294661, 0.3483809672016187, 0.3462791384610323, 0.3442227805901465, 0.34221109449969367, 0.34024329239880996, 0.3383185920728433, 0.33643621255865674, 0.3345953710162401, 0.3327952806140067, 0.33103514926582467, 0.32931417908123534, 0.3276315664096064, 0.3259865023783823, 0.3243781738376781, 0.3228057646369215, 0.3212684571634586, 0.3197654340831227, 0.3182958802205095, 0.31685898452837935, 0.3154539420871835, 0.31407995609553707, 0.3127362397936834, 0.3114220183003521, 0.31013653030034793, 0.30887902959944047, 0.3076487864591261, 0.3064450888019355, 0.30526724311563086, 0.30411457532800285, 0.3029864312320064, 0.30188217728657873, 0.3008012007780437, 0.2997429125940946, 0.29870675231874916, 0.29769221763081055]
4 [2.3982177911032343, 1.9327595259992112, 1.6240047506187565, 1.6436207863423, 1.7000393839487882, 1.702168030196471, 1.7138040210372991]
5 [3.3265304702858556, 1.7391258937968403, 1.6759183425731348, 1.7006618060614704, 1.7034818487153356, 1.7059500324133996]
6 [2.467654892993215, 1.9919355480518535, 1.6553401066426692, 1.6484884061203826, 1.7195295965384232, 1.7168637618179097, 1.7327474353784458]
7 [2.728924080663108, 1.9464111919085918, 1.667447402140209, 1.6603316385160602, 1.7154783264902327, 1.7138250804713904, 1.7232136401370275]
8 [2.7682761733042685, 1.9298812324507866, 1.6731730973649035, 1.6695070271464125, 1.7155903859948587, 1.7140891496595727, 1.7207149079289317]
9 [2.711384149425219, 1.9374937202250015, 1.6452179938820206, 1.6484434632420824, 1.6993140221610188, 1.6973909016748392, 1.7061947945509095, 1.7038317686051463, 1.7018840664097974, 1.6986546055414533, 1.694721408577098, 1.6900501027643762, 1.6840603736673543, 1.6767984142305912, 1.6669840960826683, 1.6545543382158723, 1.6366101526780932, 1.6128363021483585, 1.5770916284816472, 1.5317435450646453, 1.4764862375469157, 1.418339481695908, 1.3770329448020746, 1.3201842365205367, 1.295570559609934, 1.253453989563939, 1.2698291275170361, 1.31057579355257, 1.4947336647497458, 1.6372647797207793, 1.7390534746037862, 1.5334079168559842, 1.5194032355491454, 1.2938492626719453, 1.3650460253844212, 1.2971576245098844, 1.3924102684742126, 1.2886680814832538, 1.3523240457764145, 1.1907082858044362, 1.2099698780863828, 1.061487595728184, 1.0498323593405103, 0.9447923662068134, 0.9171832739409637, 0.8466931934851238, 0.8146072513919268, 0.7675326979765723, 0.7385225715534796, 0.7071928781367963, 0.6842495641238395, 0.6630543248169539, 0.6457748612007479, 0.6306334358967307, 0.617352565148323, 0.6056214489076471, 0.594813509609632, 0.5849893429556058, 0.5756625194157551, 0.5669645967005469, 0.5585686347962758, 0.550614204140213, 0.5428716647271145, 0.5354917420405594, 0.5282857040991114, 0.5214465052069256, 0.5147761697272073, 0.5085867553353725, 0.5025983414627754, 0.49746117246494426, 0.4926253419044032, 0.4898121450648877, 0.487493036353899, 0.49125409664533387, 0.4953448021639845, 0.5209146276100288, 0.5438422818368819, 0.654077161505058, 0.7927041218166754, 1.5465522859983052, 3.4072533347992016, 0.7972284498613039, 0.5786265397983945, 0.5270843971978888, 0.48348428055342224, 0.47189576393759475, 0.46420668831845474, 0.4588336890189329, 0.4539931095162749, 0.4494260048498259, 0.4449934820590332, 0.440660454075515, 0.43641204186643257, 0.43224160578301546, 0.42814633985178585, 0.42412352877656145, 0.42017153184614014, 0.4162882360147245, 0.4124719928160223, 0.40872083741912535, 0.4050331038402549, 0.4014069849613936, 0.39784092984495384, 0.39433337599920326, 0.3908830103339742, 0.3874885941423998, 0.3841491338082798, 0.38086375834147473, 0.37763182486928254, 0.3744528295831145, 0.37132646185942414, 0.3682525434761025, 0.3652310395723867, 0.3622620343224142, 0.3593457071680907, 0.3564823789188452, 0.3536724888158915, 0.3509168559227514, 0.34821690091416396, 0.3455759880931462, 0.3430016704187246, 0.34051477347991244, 0.33816755147103, 0.33612326714235374, 0.33480355737903955]
